 3225 1663 399 375 437 399
 413 1235 395 420 393 1235
 392 414 401 399 413 407
 415 1236 394 1249 379 398
 414 421 395 397 415 1229
 399 1236 394 407 413 398
 416 398 414 400 414 399
 414 372 436 404 410 425
 394 408 412 397 417 399
 412 399 415 420 394 1236
 392 400 407 474 347 406
 416 395 417 397 416 388
 425 398 417 1233 393 399
 415 396 418 419 402 398
 414 1228 403 1235 392 1217
 414 1259 370 1209 420 1233
 395 1244 394 1234 394 398
 416 393 424 1209 415 398
 415 396 417 397 416 406
 416 396 418 394 418 397
 458 356 409 1243 390 1215
 415 419 392 409 414 1235
 394 399 417 408 405 396
 415 1234 395 421 392 1235
 393 408 413 1235 390 398
 420 399 413 419 391 404
 414 377 434 400 413 429
 396 1213 415 422 391 413
 401 396 415 1215 414 421
 392 398 415 407 415 399
 414 420 394 393 420 421
 391 400 414 399 413 420
 393 429 393 420 393 420
 394 431 382 420 393 415
 393 426 391 400 413 408
 414 419 394 420 393 420
 393 421 392 420 393 420
 391 422 393 429 393 421
 393 419 393 420 396 417
 393 420 393 1236 394 419
 389 434 394 1234 406 406
 394 1234 394 1237 393 419
 394 418 393 1231 401 418
 394
