 3250 1648 411 394 419 390
 425 1209 418 395 418 1212
 418 393 419 397 415 404
 419 1205 420 1215 417 397
 417 394 419 393 419 1210
 419 1212 412 408 414 400
 419 393 418 394 419 395
 418 394 422 391 420 394
 418 403 418 396 413 401
 417 395 418 393 422 1213
 413 392 421 398 418 403
 419 394 419 393 420 393
 421 392 418 1212 417 397
 418 395 418 403 417 397
 419 1205 424 1205 423 1209
 419 1211 417 1212 417 1207
 458 1187 415 1212 417 394
 419 396 418 1211 418 393
 420 395 422 391 418 397
 424 393 420 394 419 393
 423 390 419 1213 416 1207
 419 397 421 404 417 1222
 406 395 418 394 420 394
 420 1210 412 420 400 1210
 417 406 416 1211 418 393
 434 379 420 396 418 395
 418 388 426 393 418 404
 419 1211 418 393 418 397
 417 396 417 1226 403 397
 418 394 416 403 424 392
 417 395 418 394 419 397
 416 396 415 397 418 394
 413 413 415 396 417 397
 417 396 416 397 418 393
 418 397 417 398 414 430
 405 408 387 406 412 395
 418 398 415 420 394 419
 393 420 393 428 394 421
 393 419 387 426 394 418
 393 420 396 1212 416 419
 393 428 408 1199 416 420
 393 1207 424 1209 418 421
 391 421 393 1212 418 420
 393

