  6388787

     3221     1657      403      399      414      399
      412     1231      399      398      410     1236
      397      401      411      399      413      408
      414     1235      393     1230      399      401
      412      397      414      422      390     1237
      392     1239      389      431      386      370
      447      423      393      399      411      421
      394      419      392      422      392      417
      395      430      393      420      391      421
      388      425      389      424      393     1236
      391      421      393      419      393      429
      391      422      391      421      395      421
      391      420      387     1242      392      415
      397      420      393      429      394      420
      392     1235      393     1230      413     1222
      392     1236      392     1236      394     1234
      394     1239      399     1233      392      424
      392      399      412     1235      393      421
      393      420      433      380      392      426
      395      420      394      419      394      419
      391      422      392     1263      368     1235
      393      419      391      430      393     1267
      362      420      393      420      393      420
      392      419      393      419      391      424
      391     1240      399     1235      393      420
      394      419      393      419      393      419
      394      420      393      423      391      427
      387     1243      391      416      397      422
      392      418      394      420      393      419
      393      420      393      423      399      470
      343      420      393      419      393      432
      381      420      393      419      392      422
      394      426      394      420      394      419
      393      442      371      419      393      421
      397      415      393      419      394      429
      393      439      373      420      393      419
      393      422      392      413      399      420
      393      419      395      427      395      418
      394      420      394      417      395      418
      408      405      388     1235      400      419
      394      431      392     1232      393      422
      392     1235      393     1230      419      399
      394     1233      394      419      395      419
      394