name ON
 3250 1648 411 394 419 390
 425 1209 418 395 418 1212
 418 393 419 397 415 404
 419 1205 420 1215 417 397
 417 394 419 393 419 1210
 419 1212 412 408 414 400
 419 393 418 394 419 395
 418 394 422 391 420 394
 418 403 418 396 413 401
 417 395 418 393 422 1213
 413 392 421 398 418 403
 419 394 419 393 420 393
 421 392 418 1212 417 397
 418 395 418 403 417 397
 419 1205 424 1205 423 1209
 419 1211 417 1212 417 1207
 458 1187 415 1212 417 394
 419 396 418 1211 418 393
 420 395 422 391 418 397
 424 393 420 394 419 393
 423 390 419 1213 416 1207
 419 397 421 404 417 1222
 406 395 418 394 420 394
 420 1210 412 420 400 1210
 417 406 416 1211 418 393
 434 379 420 396 418 395
 418 388 426 393 418 404
 419 1211 418 393 418 397
 417 396 417 1226 403 397
 418 394 416 403 424 392
 417 395 418 394 419 397
 416 396 415 397 418 394
 413 413 415 396 417 397
 417 396 416 397 418 393
 418 397 417 398 414 430
 405 408 387 406 412 395
 418 398 415 420 394 419
 393 420 393 428 394 421
 393 419 387 426 394 418
 393 420 396 1212 416 419
 393 428 408 1199 416 420
 393 1207 424 1209 418 421
 391 421 393 1212 418 420
 393

name OFF
 3248 1648 412 417 397 419
 393 1207 424 419 393 1212
 417 420 392 420 394 428
 394 1213 415 1207 424 418
 394 419 394 420 392 1213
 416 1213 416 429 392 420
 390 427 390 420 406 408
 392 420 393 420 393 419
 395 426 394 421 393 420
 388 425 389 426 391 1212
 418 420 392 421 392 429
 392 422 393 420 393 418
 388 482 339 1211 416 421
 393 401 412 429 394 418
 393 1225 405 419 394 437
 376 419 393 420 393 421
 393 428 392 1212 418 420
 394 1204 425 1206 423 1211
 416 1211 418 1212 417 1208
 458


 7795828 3225 1663 399 375 437 399 413 1235 395 420 393 1235 392 414 401 399 413 407 415 1236 394 1249 379 398 414 421 395 397 415 1229 399 1236 394 407 413 398 416 398 414 400 414 399 414 372 436 404 410 425 394 408 412 397 417 399 412 399 415 420 394 1236 392 400 407 474 347 406 416 395 417 397 416 388 425 398 417 1233 393 399 415 396 418 419 402 398 414 1228 403 1235 392 1217 414 1259 370 1209 420 1233 395 1244 394 1234 394 398 416 393 424 1209 415 398 415 396 417 397 416 406 416 396 418 394 418 397 458 356 409 1243 390 1215 415 419 392 409 414 1235 394 399 417 408 405 396 415 1234 395 421 392 1235 393 408 413 1235 390 398 420 399 413 419 391 404 414 377 434 400 413 429 396 1213 415 422 391 413 401 396 415 1215 414 421 392 398 415 407 415 399 414 420 394 393 420 421 391 400 414 399 413 420 393 429 393 420 393 420 394 431 382 420 393 415 393 426 391 400 413 408 414 419 394 420 393 420 393 421 392 420 393 420 391 422 393 429 393 421 393 419 393 420 396 417 393 420 393 1236 394 419 389 434 394 1234 406 406 394 1234 394 1237 393 419 394 418 393 1231 401 418 394 5364179 3222 1661 405 412 401 407 405 1227 402 410 403 1227 401 412 400 414 399 421 401 1231 398 1228 401 408 412 408 399 411 401 1228 402 1228 401 422 400 412 402 411 444 371 393 420 400 411 401 427 386 412 401 422 400 412 399 414 400 413 400 413 410 1214 407 411 400 413 400 422 399 414 399 414 400 413 400 412 401 1224 407 411 401 413 399 424 398 413 400 1229 401 412 413 400 402 427 385 407 407 412 400 422 401 1228 399 414 401 1226 401 1222 407 1229 400 1228 400 1229 400 1229 402 5938139 3231 1664 394 431 382 418 395 1207 421 420 393 1213 416 421 393 418 394 429 393 1207 424 1222 406 418 394 399 412 397 418 1212 417 1211 417 424 401 396 416 396 414 421 392 422 392 420 394 419 394 397 416 428 394 398 458 353 422 393 416 399 412 1214 416 399 415 398 414 405 416 399 415 397 424 387 417 397 418 1211 418 396 417 396 416 408 413 401 414 1224 404 1208 422 1210 417 1211 419 1210 418 1236 394 1226 412 1212 415 397 417 397 416 1213 416 395 417 392 423 394 418 404 418 397 418 392 419 396 416 396 417 1213 416 1208 418 400 417 404 417 1210 419 393 421 393 421 396 416 1211 413 400 414 1217 416 404 418 1211 418 395 417 397 418 411 400 398 410 403 416 396 417 404 418 1213 415 399 415 396 417 396 417 1212 416 398 416 396 417 406 415 397 418 395 416 399 416 394 417 421 394 418 394 394 421 400 420 397 417 398 415 420 393 398 414 420 393 420 393 420 392 430 394 415 435 383 392 421 394 418 393 422 391 421 394 432 380 429 393 419 392 420 394 420 404 410 392 419 394 1212 417 419 393 429 393 1213 419 418 389 1212 423 1211 416 419 395 419 395 1211 417 419 393 5740565 3250 1640 422 394 417 396 417 1212 417 396 418 1210 431 382 421 393 413 410 416 1212 417 1213 416 395 418 397 416 395 418 1207 423 1210 418 404 418 395 419 395 416 395 418 397 417 393 420 394 418 391 423 405 416 396 417 395 418 398 417 393 419 1214 416 393 419 390 424 396 425 395 418 396 418 396 417 394 418 1225 403 396 419 393 419 401 472 346 415 1214 415 395 419 395 418 394 420 393 419 397 415 406 416 1208 421 397 417 1212 416 1213 417 1212 416 1206 419 1230 403 1212 419
