 3248 1637 420 424 389 420
 392 1214 413 424 415 1190
 414 416 398 421 390 430
 416 1204 399 1214 443 392
 417 398 390 401 411 1210
 420 1213 414 432 393 418
 389 423 395 420 389 424
 389 424 391 398 413 421
 391 429 394 420 418 394
 392 420 394 420 392 1213
 420 397 407 404 414 428
 391 423 390 422 393 423
 388 422 415 1193 413 421
 390 424 411 410 414 399
 389 1217 436 1188 414 1214
 415 1221 410 1213 413 1229
 400 1223 439 1188 416 420
 392 395 419 1213 413 422
 391 399 413 423 390 409
 411 403 414 398 415 419
 391 397 418 1213 411 1217
 414 421 392 411 411 1214
 426 409 392 421 390 422
 390 421 390 426 415 1188
 414 1224 413 401 411 402
 407 1230 402 404 410 401
 412 401 412 397 414 410
 412 1217 412 400 408 407
 412 399 411 402 411 401
 413 400 411 412 411 401
 411 401 411 403 411 401
 412 401 414 398 412 401
 411 410 411 400 413 402
 427 385 412 402 408 405
 410 398 416 401 414 408
 411 400 411 404 408 401
 413 402 409 402 413 402
 410 402 411 406 417 399
 412 402 412 400 412 402
 408 404 412 1218 413 398
 411 410 412 405 406 1231
 397 402 410 1219 409 406
 407 1218 411 1211 415 1221
 410
