  2001362

     8871     4477      543      602      517      572
      552      575      522      600      519      578
      545      577      514      587      538      577
      549     1680      538     1679      540     1672
      568     1682      540     1711      508     1699
      545     1694      526     1677      541      601
      520      589      535     1690      527     1692
      526      603      519      576      547      576
      520      604      518     1694      529     1694
      547      576      522      600      521     1677
      537     1690      561     1669      547     1672
      548    39538     8898     2243      549    95205

     8883     2247      546    95183

     8899     2260      535